25 4.450000000000001
25 3.7799999999999976
25 3.299999999999999
25 2.960000000000001
25 3.0999999999999996
25 2.860000000000001
25 3.1000000000000005
25 4.070000000000002
25 3.4799999999999986
25 4.009999999999998
75 8.980000000000004
75 7.349999999999991
75 7.960000000000004
75 7.580000000000005
75 6.760000000000009
75 7.219999999999995
75 7.330000000000005
75 7.760000000000009
75 10.429999999999996
75 7.729999999999997
250 28.07999999999997
250 25.29000000000002
250 31.33
250 27.42999999999995
250 27.52999999999996
250 29.779999999999987
250 29.769999999999982
250 26.83000000000004
250 24.319999999999993
250 24.880000000000024
750 78.91000000000022
750 83.64999999999989
750 89.5799999999997
750 85.18000000000006
750 85.24999999999983
750 88.60999999999973
750 86.20000000000005
750 77.56
750 92.03000000000009
750 84.01999999999998
2500 274.9099999999996
2500 273.1100000000034
2500 272.41000000000065
2500 289.0400000000037
2500 292.440000000003
2500 300.17000000000314
2500 280.94000000000256
2500 289.32000000000437
2500 292.3200000000022
2500 282.35000000000116
7500 859.4599999999982
7500 876.0100000000061
7500 843.7699999999845
7500 869.7299999999891
7500 839.6700000000069
7500 855.6199999999994
7500 858.7099999999878
7500 864.659999999999
7500 861.1899999999896
7500 855.7999999999934
25000 2840.139999999852
25000 2880.779999999875
25000 2848.6999999998243
25000 2806.8099999998867
25000 2859.7399999998997
25000 2838.1899999998313
25000 2881.899999999894
25000 2867.53999999979
25000 2868.229999999883
25000 2856.409999999876
75000 8536.67000000013
75000 8600.370000000112
75000 8491.87000000022
75000 8494.819999999789
75000 8529.660000000007
75000 8453.010000000326
75000 8548.33999999992
75000 8524.260000000228
75000 8504.719999999914
75000 8433.98999999991
250000 28453.2900000073
250000 28358.710000008723
250000 28369.000000008178
250000 28446.4700000085
250000 28426.340000006123
250000 28239.21000000753
250000 28308.720000007554
250000 28361.110000007655
250000 28312.940000008064
250000 28393.310000005018
