25 6.200000007083872e-05
25 0.00011200000017197453
25 3.500000002532033e-05
25 3.90000000152213e-05
25 3.400000014153193e-05
25 3.399999991415825e-05
25 3.799999990405922e-05
25 3.0999999808045686e-05
25 7.199999981821747e-05
25 3.500000002532033e-05
50 0.00020799999992959783
50 0.00013699999999516876
50 0.00012900000001536682
50 0.00013700000022254244
50 0.00012999999989915523
50 0.00027199999999538704
50 0.00024199999984375609
50 0.00012799999990420474
50 0.00013699999999516876
50 0.00014600000008613279
100 0.0005980000000818109
100 0.00037200000019765866
100 0.0003420000000460277
100 0.0003209999999853608
100 0.0004460000000108266
100 0.0003260000000864238
100 0.00031300000000555883
100 0.00030900000001565786
100 0.000302000000147018
100 0.0003150000000005093
250 0.0013939999998910935
250 0.0010310000000117725
250 0.0012600000000020373
250 0.001334000000042579
250 0.001270999999860578
250 0.001130000000102882
250 0.0010499999998501153
250 0.0010789999998905841
250 0.0010669999999208812
250 0.0010979999999563006
500 0.0031669999998484855
500 0.0035429999998086714
500 0.0029959999999391584
500 0.0034370000000762957
500 0.0038779999999860593
500 0.0037899999999808642
500 0.0038119999999253196
500 0.0035060000000157743
500 0.0032300000000304863
500 0.002996999999822947
1000 0.008651000000099884
1000 0.00836699999990742
1000 0.00799900000015441
1000 0.00828100000012455
1000 0.007982999999967433
1000 0.007835999999997512
1000 0.00828999999998814
1000 0.00803700000005847
1000 0.007922000000007756
1000 0.007976999999982581
2500 0.029169000000138112
2500 0.02564699999993536
2500 0.02877200000011726
2500 0.0243990000001304
2500 0.027426000000104978
2500 0.025835999999799242
2500 0.0274770000000899
2500 0.026356000000077984
2500 0.025155000000040673
2500 0.026934999999866704
5000 0.0704409999998461
5000 0.06052599999998165
5000 0.057510999999976775
5000 0.05988300000012714
5000 0.060367999999925814
5000 0.060151000000132626
5000 0.06192899999996371
5000 0.05842300000017531
5000 0.05961299999989933
5000 0.056966999999986
10000 0.1437750000000051
10000 0.13724299999989853
10000 0.13504899999998088
10000 0.13226899999995112
10000 0.13311300000009396
10000 0.13321799999994255
10000 0.13910499999997228
10000 0.13453400000003057
10000 0.14009399999986272
10000 0.13447399999995469
25000 0.42200000000002547
25000 0.40320500000007087
25000 0.41002199999979894
25000 0.41767699999991237
25000 0.4225059999998848
25000 0.5970270000000255
25000 0.5199950000001081
25000 0.5562290000000303
25000 0.45202599999993254
25000 0.5141840000001139
