25 5.199999986871262e-05
25 8.699999989403295e-05
25 5.2000000096086296e-05
25 5.29999999798747e-05
25 5.199999986871262e-05
25 5.29999999798747e-05
25 5.2000000096086296e-05
25 9.300000010625808e-05
25 5.29999999798747e-05
25 5.29999999798747e-05
50 0.00016499999992447556
50 0.00020300000005590846
50 0.00016500000015184924
50 0.00016600000003563764
50 0.00028499999984887836
50 0.00032000000010157237
50 0.00016799999980321445
50 0.00016700000014679972
50 0.00017600000001039007
50 0.0001720000000204891
100 0.0002640000000155851
100 0.00025800000003073364
100 0.0002650000001267472
100 0.00035599999978330743
100 0.000367999999980384
100 0.0003479999998035055
100 0.00025899999991452205
100 0.0002549999999246211
100 0.0004490000001169392
100 0.00025600000003578316
250 0.001518000000032771
250 0.001515000000154032
250 0.001755999999886626
250 0.0017760000000635046
250 0.0015829999999823485
250 0.00197400000001835
250 0.0016180000000076689
250 0.0019139999999424617
250 0.0018119999999726133
250 0.0018240000001696899
500 0.004980999999816049
500 0.004783999999972366
500 0.004781000000093627
500 0.004527999999936583
500 0.0049710000000686705
500 0.0050499999999829015
500 0.00479999999993197
500 0.004801000000043132
500 0.003872999999884996
500 0.0038580000000365544
1000 0.009829000000081578
1000 0.009825000000091677
1000 0.00946099999987382
1000 0.009134000000130982
1000 0.00913100000002487
1000 0.009131999999908658
1000 0.009185999999999694
1000 0.008760000000165746
1000 0.008807999999817184
1000 0.008726000000024214
2500 0.026580999999850974
2500 0.026225999999951455
2500 0.02497599999992417
2500 0.02504599999997481
2500 0.024916999999959444
2500 0.0251060000000507
2500 0.025941999999986365
2500 0.02627400000005764
2500 0.025701000000026397
2500 0.025513999999930093
5000 0.06213399999978719
5000 0.06119599999988168
5000 0.061525000000074215
5000 0.0606910000001335
5000 0.06306700000004639
5000 0.059801000000106797
5000 0.05939400000011119
5000 0.06072900000003756
5000 0.05976399999985915
5000 0.060160999999880005
10000 0.1325690000001032
10000 0.130237999999963
10000 0.13193200000000616
10000 0.1323370000000068
10000 0.13002700000015466
10000 0.13293100000009872
10000 0.13430300000004536
10000 0.13038200000005418
10000 0.13149999999995998
10000 0.1319659999999203
25000 0.39228000000002794
25000 0.3952489999999216
25000 0.39697899999987385
25000 0.3941350000000057
25000 0.39201699999989614
25000 0.3898619999999937
25000 0.38974000000007436
25000 0.39877500000011423
25000 0.3918750000000273
25000 0.39187299999980496
