25 0.00011300000005576294
25 6.800000005569018e-05
25 6.899999993947858e-05
25 6.800000005569018e-05
25 6.79999998283165e-05
25 7.099999993442907e-05
25 6.900000016685226e-05
25 6.900000016685226e-05
25 6.899999993947858e-05
25 6.900000016685226e-05
50 0.0003000000001520675
50 0.00021600000013677345
50 0.0002389999999650172
50 0.00027199999999538704
50 0.00027199999999538704
50 0.0002380000000812288
50 0.00045999999997548
50 0.0002939999999398424
50 0.00022199999989425123
50 0.0004369999999198626
100 0.0007619999998951243
100 0.000674000000117303
100 0.0006500000001778972
100 0.0007289999998647545
100 0.0008000000000265572
100 0.0008070000001225708
100 0.0008069999998951971
100 0.0007920000000467553
100 0.0007610000000113359
100 0.0007659999998850253
250 0.0030589999998937856
250 0.0031039999998938583
250 0.003140999999914129
250 0.003018999999994776
250 0.003244999999878928
250 0.003041000000166605
250 0.0029469999999491847
250 0.002832000000125845
250 0.002441999999973632
250 0.002435000000104992
500 0.00881600000002436
500 0.0077690000000529835
500 0.007626999999956752
500 0.007657000000108383
500 0.0075589999999010615
500 0.007434000000102969
500 0.007425000000012005
500 0.007468000000017128
500 0.007315000000062355
500 0.007252999999991516
1000 0.01703399999996691
1000 0.016133999999965454
1000 0.01615500000002612
1000 0.015333999999938897
1000 0.015338999999812586
1000 0.01530800000000454
1000 0.016275000000177897
1000 0.015358999999989464
1000 0.016523000000006505
1000 0.015721999999868785
2500 0.05205499999988206
2500 0.05208200000015495
2500 0.050732000000152766
2500 0.050461999999924956
2500 0.050208999999995285
2500 0.04966300000000956
2500 0.04962399999999434
2500 0.05002399999989393
2500 0.052353000000039174
2500 0.05124000000000706
5000 0.11339599999996608
5000 0.11323200000015277
5000 0.11498000000005959
5000 0.11271899999997004
5000 0.11699699999985569
5000 0.11298099999999067
5000 0.11398299999996198
5000 0.1163810000000467
5000 0.11419999999998254
5000 0.11475599999994301
10000 0.2487460000002102
10000 0.24503600000002734
10000 0.24848500000007334
10000 0.2480000000000473
10000 0.24366700000018682
10000 0.24547899999993206
10000 0.24489200000016353
10000 0.24987699999996948
10000 0.25179800000000796
10000 0.2441839999999047
25000 0.6921609999999419
25000 0.710552000000007
25000 0.6841699999999946
25000 0.6788050000000112
25000 0.6829330000000482
25000 0.6993849999998929
25000 0.6805919999999333
25000 0.7073450000000321
25000 0.692937000000029
25000 0.6972269999998844
