25 3.90000000152213e-05
25 5.699999996977567e-05
25 3.700000002027082e-05
25 3.80000001314329e-05
25 3.90000000152213e-05
25 3.90000000152213e-05
25 3.899999978784763e-05
25 8.000000002539309e-05
25 3.90000000152213e-05
25 3.700000002027082e-05
50 0.00013799999987895717
50 0.00013699999999516876
50 0.00013800000010633084
50 0.00013800000010633084
50 0.00029900000004090543
50 0.00020300000005590846
50 0.00014000000010128133
50 0.00013699999999516876
50 0.0001739999997880659
50 0.0001440000000911823
100 0.0003979999999046413
100 0.0003429999999298161
100 0.0003439999998136045
100 0.00041400000009161886
100 0.0003429999999298161
100 0.0003429999999298161
100 0.0003440000000409782
100 0.0003449999999247666
100 0.0004350000001522858
100 0.00042800000005627226
250 0.0012529999999060237
250 0.001107999999931053
250 0.0010649999999259308
250 0.0014400000000023283
250 0.001224999999976717
250 0.001136999999971522
250 0.0012699999999767897
250 0.0013490000001183944
250 0.0010660000000370928
250 0.0010610000001634035
500 0.003236999999899126
500 0.003104000000121232
500 0.00331200000005083
500 0.003750999999965643
500 0.003852000000051703
500 0.003927999999859821
500 0.0038329999999859865
500 0.003022999999984677
500 0.0030169999999998254
500 0.003020000000105938
1000 0.008348000000069078
1000 0.008249000000205342
1000 0.008452999999917665
1000 0.008024999999861393
1000 0.007880999999997584
1000 0.007770000000164146
1000 0.007922000000007756
1000 0.007914999999911743
1000 0.007884999999987485
1000 0.007967000000007829
2500 0.026327000000037515
2500 0.02557099999989987
2500 0.02585100000010243
2500 0.02436699999998382
2500 0.025612000000137414
2500 0.024484000000029482
2500 0.02535899999998037
2500 0.024910999999974592
2500 0.02479500000004009
2500 0.025335999999924752
5000 0.060164999999869906
5000 0.05638799999996991
5000 0.05672399999980371
5000 0.057295999999951164
5000 0.05742200000008779
5000 0.05763299999989613
5000 0.056628000000046086
5000 0.05935399999998481
5000 0.05727000000001681
5000 0.0570789999999306
10000 0.13012499999990723
10000 0.12514800000008108
10000 0.12701300000003357
10000 0.1273430000001099
10000 0.1258500000001277
10000 0.1235349999999471
10000 0.12969900000007328
10000 0.12743700000009994
10000 0.13123000000018692
10000 0.12673700000004828
25000 0.3700579999999718
25000 0.36541600000009566
25000 0.3788040000001729
25000 0.37277099999982966
25000 0.4670840000001135
25000 0.40721099999996113
25000 0.45442300000013347
25000 0.40813100000013947
25000 0.40417200000001685
25000 0.3947840000000724
