25 7.599999980811845e-05
25 9.599999998499698e-05
25 3.700000002027082e-05
25 4.600000011123484e-05
25 4.3000000005122274e-05
25 4.099999978279811e-05
25 4.899999998997373e-05
25 4.899999998997373e-05
25 4.100000001017179e-05
25 4.6999999995023245e-05
50 0.0002230000000054133
50 0.00018199999999524152
50 0.0002389999999650172
50 0.0001560000000608852
50 0.0001580000000558357
50 0.00033699999994496466
50 0.00016599999980826396
50 0.00016000000005078618
50 0.0001550000001770968
50 0.0001560000000608852
100 0.0007860000000619038
100 0.00047900000004119647
100 0.00048600000013721
100 0.00037999999995008693
100 0.00042600000006132177
100 0.0005159999998340936
100 0.0003540000000157306
100 0.00036699999986922194
100 0.0007409999998344574
100 0.00036199999999553256
250 0.00140600000008817
250 0.0018089999998665007
250 0.0015489999998408166
250 0.001655999999911728
250 0.0015909999999621505
250 0.001483999999891239
250 0.0015169999999216088
250 0.001698000000033062
250 0.0018460000001141452
250 0.001715000000103828
500 0.0049500000000080036
500 0.004842999999937092
500 0.0051249999999072315
500 0.004413999999997031
500 0.0050710000000435684
500 0.004818999999997686
500 0.004885999999942214
500 0.004856000000017957
500 0.004343999999946391
500 0.0036399999999048305
1000 0.009726999999884356
1000 0.009871999999859327
1000 0.00962600000002567
1000 0.009013000000095417
1000 0.008970999999974083
1000 0.008949000000029628
1000 0.009321999999883701
1000 0.009673999999904481
1000 0.00966100000005099
1000 0.008680000000140353
2500 0.032191999999895415
2500 0.02786900000000969
2500 0.02754899999990812
2500 0.026757999999972526
2500 0.026783000000023094
2500 0.026746000000002823
2500 0.027388999999857333
2500 0.027075999999851774
2500 0.028234999999995125
2500 0.027739999999994325
5000 0.07117900000002919
5000 0.06463299999995797
5000 0.06243799999992916
5000 0.06727200000000266
5000 0.06510700000012548
5000 0.06378300000005765
5000 0.06436499999995249
5000 0.06468099999983679
5000 0.06488100000001396
5000 0.0660530000000108
10000 0.14553200000000288
10000 0.14163400000006732
10000 0.1418020000000979
10000 0.13766400000008616
10000 0.1353990000000067
10000 0.1394390000000385
10000 0.13649499999996806
10000 0.1373829999999998
10000 0.1383530000000519
10000 0.13841499999989537
25000 0.45905999999990854
25000 0.43180099999995036
25000 0.4271049999999832
25000 0.4060850000000755
25000 0.4130499999998847
25000 0.45274799999992865
25000 0.4160870000000614
25000 0.4470530000000963
25000 0.4112290000000485
25000 0.4406420000000253
