25 4.8000000106185325e-05
25 2.599999993435631e-05
25 3.799999990405922e-05
25 2.800000015668047e-05
25 2.700000004551839e-05
25 2.300000005561742e-05
25 3.600000013648241e-05
25 3.0000000151630957e-05
25 8.300000013150566e-05
25 3.300000003036985e-05
50 0.00014399999986380863
50 9.300000010625808e-05
50 9.699999986878538e-05
50 0.00012799999990420474
50 0.00012599999990925426
50 0.00014600000008613279
50 0.00012300000003051537
50 6.60000000607397e-05
50 9.399999999004649e-05
50 4.9999999873762135e-05
100 0.00021300000003066089
100 0.00022199999989425123
100 9.1999999995096e-05
100 0.00018000000000029104
100 0.00024599999983365706
100 0.00023099999998521525
100 0.00012799999990420474
100 0.00015399999983856105
100 0.00024799999982860754
100 0.00027199999999538704
250 0.0014820000001236622
250 0.0003739999999652355
250 0.0003309999999601132
250 0.0010919999999714491
250 0.0012659999999868887
250 0.0005799999998998828
250 0.00040300000000570435
250 0.000367999999980384
250 0.0003400000000510772
250 0.0005140000000665168
500 0.0015130000001590815
500 0.0015220000000226719
500 0.0012120000001232256
500 0.0010469999999713764
500 0.0014300000000275759
500 0.001195999999936248
500 0.0013819999999213906
500 0.0010539999998400162
500 0.0011019999999462016
500 0.0010760000000118453
1000 0.0023869999999988067
1000 0.0039209999999911815
1000 0.0017620000000988512
1000 0.002016000000139684
1000 0.004637000000002445
1000 0.0016329999998561107
1000 0.002070000000003347
1000 0.0030799999999544525
1000 0.002371000000039203
1000 0.002060999999912383
2500 0.012707999999975073
2500 0.008125000000063665
2500 0.00983700000006138
2500 0.008010000000012951
2500 0.008235000000013315
2500 0.0074789999998756684
2500 0.008156999999982872
2500 0.006851000000096974
2500 0.010068999999930384
2500 0.009581000000025597
5000 0.016182999999955427
5000 0.013035000000172658
5000 0.015000000000100044
5000 0.014866000000210988
5000 0.015282999999953972
5000 0.013978000000179236
5000 0.017761999999947875
5000 0.013746000000082859
5000 0.019774999999981446
5000 0.015877000000045882
10000 0.02803999999991902
10000 0.025268000000096436
10000 0.02906899999993584
10000 0.028199999999969805
10000 0.028702999999950407
10000 0.03106999999999971
10000 0.026294000000007145
10000 0.027493000000049506
10000 0.029074000000036904
10000 0.028330000000096334
25000 0.08962300000007417
25000 0.10190999999986161
25000 0.09782300000006217
25000 0.08400099999994382
25000 0.09286699999984194
25000 0.09880600000019513
25000 0.08478999999988446
25000 0.11667499999998654
25000 0.13556900000003225
25000 0.09845100000006823
