25 6.60000000607397e-05
25 7.699999991928053e-05
25 3.90000000152213e-05
25 4.1999999893960194e-05
25 4.8000000106185325e-05
25 4.899999998997373e-05
25 5.800000008093775e-05
25 3.400000014153193e-05
25 3.399999991415825e-05
25 6.000000007588824e-05
50 0.00027100000011159864
50 9.49999998738349e-05
50 8.600000001024455e-05
50 0.000450999999884516
50 0.00021599999990939978
50 0.0002790000000914006
50 0.0002369999999700667
50 0.00022600000011152588
50 0.00022999999987405317
50 0.0002809999998589774
100 0.00030900000001565786
100 0.00047199999994518294
100 0.00024400000006608025
100 0.0005049999999755528
100 0.0006069999999454012
100 0.0003169999999954598
100 0.0008030000001326698
100 0.0005850000000009459
100 0.0006169999999201536
100 0.00022900000021763844
250 0.0008250000000771252
250 0.001550999999835767
250 0.002623000000085085
250 0.002344999999877473
250 0.0021110000000135187
250 0.0008990000001176668
250 0.003040000000055443
250 0.0021049999998012936
250 0.001282999999830281
250 0.0017550000000028376
500 0.007248000000117827
500 0.003777000000127373
500 0.0025029999999333086
500 0.0027999999999792635
500 0.003629999999930078
500 0.002731000000039785
500 0.004724000000123851
500 0.0022639999999682914
500 0.002019999999902211
500 0.003290999999990163
1000 0.014922000000069602
1000 0.01269999999999527
1000 0.011504999999942811
1000 0.004737999999861131
1000 0.007411000000047352
1000 0.005061999999952604
1000 0.0071259999999711
1000 0.010449999999991633
1000 0.00465000000008331
1000 0.006351999999878899
2500 0.01682800000003226
2500 0.011567999999897438
2500 0.024182999999993626
2500 0.01069299999994655
2500 0.01859399999989364
2500 0.019118999999818698
2500 0.010584999999991851
2500 0.017689000000018495
2500 0.020179000000098313
2500 0.011872000000039407
5000 0.03036100000008446
5000 0.03715299999998933
5000 0.02256899999997586
5000 0.02803300000005038
5000 0.03961699999990742
5000 0.021387999999888052
5000 0.022944999999936044
5000 0.08541700000000674
5000 0.024132000000008702
5000 0.023193999999875814
10000 0.04513500000007298
10000 0.05153100000006816
10000 0.055524000000104934
10000 0.047424999999975626
10000 0.04615899999998874
10000 0.06604099999981372
10000 0.05044299999985924
10000 0.05315200000018194
10000 0.1505930000000717
10000 0.0476530000000821
25000 0.12326800000005278
25000 0.12519800000018222
25000 0.2286709999998493
25000 0.12554000000000087
25000 0.19638799999984258
25000 0.12745399999994333
25000 0.12735700000007455
25000 0.12433199999986755
25000 0.1290039999998953
25000 0.12501499999984844
