25 0.00011199999994460086
25 9.000000000014552e-05
25 6.60000000607397e-05
25 6.499999994957761e-05
25 6.499999994957761e-05
25 5.600000008598727e-05
25 6.099999995967664e-05
25 6.299999995462713e-05
25 7.000000005064066e-05
25 6.700000017190177e-05
50 0.0005369999998947605
50 0.0002500000000509317
50 0.0002389999999650172
50 0.0005140000000665168
50 0.0002489999999397696
50 0.00024400000006608025
50 0.00023799999985385512
50 0.000381000000061249
50 0.0003309999999601132
50 0.0002610000001368462
100 0.000937000000021726
100 0.0006849999999758438
100 0.0007210000001123262
100 0.0007899999998244311
100 0.0008230000000821747
100 0.0008689999999660358
100 0.0009139999999661086
100 0.0009099999999762076
100 0.0008199999999760621
100 0.0008309999998346029
250 0.003180999999813139
250 0.0032860000001164735
250 0.0036359999999149295
250 0.0032099999998536077
250 0.00341300000013689
250 0.003597000000127082
250 0.0032209999999395222
250 0.003280000000131622
250 0.0027159999999639695
250 0.0027039999999942665
500 0.007947000000058324
500 0.008326000000124623
500 0.007904000000053202
500 0.007560000000012224
500 0.007781999999906475
500 0.007523999999875741
500 0.007426000000123167
500 0.007278000000042084
500 0.007581999999956679
500 0.006407000000081098
1000 0.021357999999963795
1000 0.017894000000069354
1000 0.017980999999963387
1000 0.018229999999903157
1000 0.017589000000043598
1000 0.017151000000012573
1000 0.017761000000064087
1000 0.017982999999958338
1000 0.01872500000013133
1000 0.017994000000044252
2500 0.056764000000157466
2500 0.05194700000015473
2500 0.05181199999992714
2500 0.052253999999948064
2500 0.051994000000149754
2500 0.05064899999979389
2500 0.05081799999993564
2500 0.05102200000010271
2500 0.05350100000009661
2500 0.051864000000023225
5000 0.12351600000010876
5000 0.11557399999992413
5000 0.11758099999997285
5000 0.11416600000006838
5000 0.11533600000007027
5000 0.11666700000000674
5000 0.11548300000004019
5000 0.11558899999999994
5000 0.1163890000000265
5000 0.11467100000004393
10000 0.26204200000006495
10000 0.2410149999998339
10000 0.25145100000008824
10000 0.2484669999998914
10000 0.24789599999985512
10000 0.24913900000001377
10000 0.25364200000012715
10000 0.25386600000001636
10000 0.25619300000016665
10000 0.2470659999999043
25000 0.6950170000000071
25000 0.6894979999999578
25000 0.6784419999999045
25000 0.6785840000000007
25000 0.6856450000000223
25000 0.6980049999999665
25000 0.6832310000002053
25000 0.7094669999999041
25000 0.6956830000001446
25000 0.6975170000000617
