25 4.799999987881165e-05
25 6.099999995967664e-05
25 4.6999999995023245e-05
25 4.600000011123484e-05
25 4.500000000007276e-05
25 4.5999999883861165e-05
25 4.500000000007276e-05
25 7.900000014160469e-05
25 4.5999999883861165e-05
25 4.500000000007276e-05
50 0.0002139999999144493
50 0.00013599999988400668
50 0.00013599999988400668
50 0.00013400000011642987
50 0.00014099999998506973
50 0.00014199999986885814
50 0.00018999999997504347
50 0.00017900000011650263
50 0.00014299999998002022
50 0.00013699999999516876
100 0.0003830000000561995
100 0.00036599999998543353
100 0.0003569999998944695
100 0.00036399999999048305
100 0.0005120000000715663
100 0.00036199999999553256
100 0.000621999999793843
100 0.00039399999991474033
100 0.0003540000000157306
100 0.0005249999999250576
250 0.0018049999998765998
250 0.001291999999921245
250 0.0013339999998152052
250 0.0017550000000028376
250 0.0012439999998150597
250 0.001584999999977299
250 0.001883000000134416
250 0.0015499999999519787
250 0.0016040000000430155
250 0.0016279999999824213
500 0.004517000000078042
500 0.004637000000002445
500 0.004533000000037646
500 0.004494999999906213
500 0.004459999999880893
500 0.0043929999999363645
500 0.004364000000123269
500 0.003531000000066342
500 0.003521999999975378
500 0.003525999999965279
1000 0.01033899999993082
1000 0.010179999999991196
1000 0.009933000000046377
1000 0.009857000000010885
1000 0.009827999999970416
1000 0.009907999999995809
1000 0.009859000000005835
1000 0.009892000000036205
1000 0.009418000000096072
1000 0.009332999999969616
2500 0.02808299999992414
2500 0.027236000000129934
2500 0.02610899999990579
2500 0.025943000000097527
2500 0.026996000000053755
2500 0.026055000000042128
2500 0.025860000000193395
2500 0.02592800000002171
2500 0.02640800000017407
2500 0.028477000000066255
5000 0.0622329999998783
5000 0.060359000000062224
5000 0.05944299999987379
5000 0.06039299999997638
5000 0.05990099999985432
5000 0.06032299999992574
5000 0.05943500000012136
5000 0.061380000000099244
5000 0.062117000000171174
5000 0.061455000000023574
10000 0.1268649999999525
10000 0.12930800000003728
10000 0.12705299999993258
10000 0.12782800000013594
10000 0.12844499999982872
10000 0.12841699999989942
10000 0.12805099999991398
10000 0.1288569999999254
10000 0.1298819999999523
10000 0.1276460000001407
25000 0.4024810000000798
25000 0.40137700000013865
25000 0.39722299999993993
25000 0.3934220000001005
25000 0.3938170000001264
25000 0.4085250000000542
25000 0.402210999999852
25000 0.4083349999998518
25000 0.40618300000005547
25000 0.40902500000015607
