25 3.90000000152213e-05
25 7.899999991423101e-05
25 4.600000011123484e-05
25 4.6999999995023245e-05
25 5.2000000096086296e-05
25 2.599999993435631e-05
25 4.899999998997373e-05
25 8.900000011635711e-05
25 3.999999989900971e-05
25 3.799999990405922e-05
50 0.0002640000000155851
50 0.0001339999998890562
50 0.00013899999999011925
50 0.00010700000007091148
50 0.00012900000001536682
50 0.00012300000003051537
50 0.0003079999999044958
50 0.00020900000004075991
50 0.00014899999996487168
50 0.0001410000002124434
100 0.0006909999999606953
100 0.00042500000017753337
100 0.000381000000061249
100 0.0003970000000208529
100 0.0004069999999956053
100 0.000657000000046537
100 0.00043000000005122274
100 0.00036599999998543353
100 0.0004089999999905558
100 0.0003849999998237763
250 0.0014530000000831933
250 0.0014240000000427244
250 0.0013550000001032458
250 0.0015630000000328437
250 0.001422000000047774
250 0.0014590000000680448
250 0.001610000000027867
250 0.0016219999999975698
250 0.0016459999999369757
250 0.0016909999999370484
500 0.0046030000000882865
500 0.004910000000108994
500 0.004889000000048327
500 0.004662000000053013
500 0.004595999999992273
500 0.004140000000006694
500 0.004596999999876061
500 0.0038090000000465807
500 0.0037160000001676963
500 0.0037729999999100983
1000 0.010189999999965949
1000 0.00973799999997027
1000 0.010009999999965657
1000 0.009776000000101703
1000 0.009765000000015789
1000 0.009358000000020184
1000 0.00946099999987382
1000 0.009009999999989304
1000 0.008916999999883046
1000 0.009032000000161133
2500 0.03151199999979326
2500 0.029096999999865147
2500 0.02808199999981298
2500 0.026055999999925916
2500 0.026266000000077838
2500 0.026828999999906955
2500 0.026250000000118234
2500 0.026828000000023167
2500 0.028925000000072032
2500 0.027573999999958687
5000 0.07140000000003965
5000 0.0629830000000311
5000 0.06066200000009303
5000 0.06245200000012119
5000 0.059922999999798776
5000 0.06270800000015697
5000 0.05920299999979761
5000 0.05978800000002593
5000 0.06059000000004744
5000 0.058660000000145374
10000 0.14675899999997455
10000 0.13098700000000463
10000 0.12972899999999754
10000 0.1353830000000471
10000 0.13057000000003427
10000 0.1342859999999746
10000 0.1358989999998812
10000 0.13756199999988894
10000 0.13187600000014754
10000 0.13314800000011928
25000 0.40963200000010147
25000 0.3880940000001374
25000 0.39542499999993197
25000 0.413300000000163
25000 0.3927179999998316
25000 0.40468299999997726
25000 0.3979389999999512
25000 0.4165060000000267
25000 0.41277500000001055
25000 0.41372900000010304
