25 5.499999997482519e-05
25 4.600000011123484e-05
25 3.899999978784763e-05
25 3.599999990910874e-05
25 4.200000012133387e-05
25 3.500000002532033e-05
25 2.7999999929306796e-05
25 7.400000004054164e-05
25 4.899999998997373e-05
25 2.300000005561742e-05
50 0.00022399999988920172
50 0.00010900000006586197
50 0.00012900000001536682
50 0.00011500000005071342
50 5.800000008093775e-05
50 0.00024400000006608025
50 9.699999986878538e-05
50 0.00015000000007603376
50 0.00024299999995491817
50 0.0001440000000911823
100 0.00021300000003066089
100 0.000197000000071057
100 0.0003440000000409782
100 0.00023399999986395414
100 0.0003019999999196443
100 0.0003790000000662985
100 0.0001469999999699212
100 0.00016800000003058813
100 0.00046900000006644404
100 0.0001580000000558357
250 0.0005409999998846615
250 0.00040000000012696546
250 0.0005689999998139683
250 0.0006769999999960419
250 0.0004360000000360742
250 0.0005149999999503052
250 0.00048399999991488585
250 0.0006009999999605498
250 0.0009250000000520231
250 0.0009390000000166765
500 0.002094999999826541
500 0.0013480000000072323
500 0.0021229999999832216
500 0.0015349999998761632
500 0.0017869999999220454
500 0.0012639999999919382
500 0.0013400000000274304
500 0.0014159999998355488
500 0.0010619999998198182
500 0.00186600000006365
1000 0.002456000000165659
1000 0.001970000000028449
1000 0.002171000000089407
1000 0.005290999999942869
1000 0.0023240000000441796
1000 0.003557999999884487
1000 0.002148999999917578
1000 0.0022769999998217827
1000 0.002216999999973268
1000 0.0026649999999790452
2500 0.007540000000062719
2500 0.006167999999888707
2500 0.005272999999988315
2500 0.006159999999908905
2500 0.0116280000002007
2500 0.006288999999924272
2500 0.007599000000027445
2500 0.006969000000026426
2500 0.005978000000141037
2500 0.008510000000114815
5000 0.03495799999996052
5000 0.0144719999998415
5000 0.016869999999926222
5000 0.01953800000001138
5000 0.015120000000024447
5000 0.014094999999997526
5000 0.0316699999998491
5000 0.01191900000003443
5000 0.011805999999978667
5000 0.01319100000000617
10000 0.0299929999998767
10000 0.027145000000018626
10000 0.02793599999995422
10000 0.03061800000000403
10000 0.03452300000003561
10000 0.023126999999931286
10000 0.026393999999982043
10000 0.025585999999975684
10000 0.027918999999883454
10000 0.027556000000004133
25000 0.07827400000019225
25000 0.08977200000003904
25000 0.08840199999985998
25000 0.08383900000012545
25000 0.08801600000015242
25000 0.09265499999992244
25000 0.08461400000010144
25000 0.07512999999994463
25000 0.07172500000001492
25000 0.07756599999993341
