25 8.09999999091815e-05
25 6.000000007588824e-05
25 2.40000001667795e-05
25 3.500000002532033e-05
25 1.8999999838342774e-05
25 2.7999999929306796e-05
25 3.300000003036985e-05
25 3.199999991920777e-05
25 3.300000003036985e-05
25 3.700000002027082e-05
50 0.00012300000003051537
50 2.9000000040468876e-05
50 8.300000013150566e-05
50 5.400000009103678e-05
50 0.0001330000000052678
50 4.4000000116284355e-05
50 0.0001449999999749707
50 5.699999996977567e-05
50 0.00012100000003556488
50 7.499999992433004e-05
100 0.0001979999999548454
100 0.0004700000001776061
100 0.0001459999998587591
100 0.0003830000000561995
100 0.00012900000001536682
100 0.0001459999998587591
100 0.0001850000001013541
100 0.00015200000007098424
100 0.0003710000000864966
100 0.0003569999998944695
250 0.0008599999998750718
250 0.00033699999994496466
250 0.0005550000000766886
250 0.0005869999999958964
250 0.0004079999998793937
250 0.000747999999930471
250 0.0005179999998290441
250 0.0007840000000669534
250 0.0008880000000317523
250 0.0006750000000010914
500 0.001143000000183747
500 0.0011509999999361753
500 0.003385000000207583
500 0.0021240000000943837
500 0.0027319999999235733
500 0.0015820000000985601
500 0.001134000000092783
500 0.0009190000000671716
500 0.0010009999998601415
500 0.000906999999870095
1000 0.0028629999999338906
1000 0.0072119999999813444
1000 0.002222000000074331
1000 0.002318000000059328
1000 0.0022599999999783904
1000 0.0019690000001446606
1000 0.0024439999999685824
1000 0.0018629999999575375
1000 0.0024019999998472485
1000 0.0021890000000439613
2500 0.007067999999890162
2500 0.007344999999986612
2500 0.008814999999913198
2500 0.006206999999903928
2500 0.005848000000014508
2500 0.011205000000018117
2500 0.008169999999836364
2500 0.006049999999959255
2500 0.00620600000002014
2500 0.006370000000060827
5000 0.012115999999878113
5000 0.013639000000011947
5000 0.012654999999995198
5000 0.027845999999954074
5000 0.014202999999952226
5000 0.01100999999994201
5000 0.017575000000078944
5000 0.013541000000032
5000 0.015171000000009371
5000 0.010860999999977139
10000 0.025262999999995372
10000 0.02808499999991909
10000 0.02638899999988098
10000 0.034613000000035754
10000 0.027192999999897438
10000 0.03396399999996902
10000 0.031317999999828317
10000 0.029406999999991967
10000 0.031508000000030734
10000 0.02758599999992839
25000 0.07099199999993289
25000 0.07229499999994005
25000 0.08011400000009417
25000 0.07360500000004322
25000 0.07348100000012892
25000 0.07780999999999949
25000 0.07620299999985036
25000 0.079913999999917
25000 0.07778000000007523
25000 0.08112000000005537
