25 0.4499999999999993
25 0.7800000000000011
25 0.3000000000000025
25 0.9600000000000026
25 1.0999999999999996
25 0.860000000000003
25 0.10000000000000142
25 1.0700000000000038
25 0.4800000000000004
25 1.0100000000000016
75 0.9799999999999898
75 0.34999999999999076
75 0.9599999999999937
75 0.5799999999999912
75 0.7600000000000016
75 0.2199999999999953
75 0.32999999999998764
75 0.7599999999999909
75 1.4300000000000033
75 0.7300000000000075
250 1.0799999999999415
250 0.2900000000000489
250 0.33000000000009777
250 0.43000000000003524
250 0.5299999999999301
250 0.7800000000000296
250 0.7700000000000813
250 0.8300000000000551
250 0.3199999999999932
250 0.8799999999999812
750 0.9100000000001387
750 0.6499999999997215
750 0.5800000000007799
750 0.18000000000068894
750 0.2500000000003979
750 0.6100000000006389
750 0.20000000000089813
750 0.5600000000006844
750 1.030000000000598
750 1.0200000000000955
2500 0.9100000000019008
2500 0.11000000000797172
2500 0.4100000000057662
2500 1.0400000000000773
2500 0.44000000000539785
2500 0.17000000000450655
2500 0.9400000000063073
2500 0.3200000000052796
2500 0.3200000000045975
2500 0.3500000000054797
7500 0.4599999999063584
7500 1.0099999999047213
7500 0.7699999999194915
7500 0.7299999999108877
7500 0.6699999999291322
7500 0.6199999999125794
7500 0.7099999999040847
7500 0.6599999999129977
7500 1.1899999999063766
7500 0.7999999998964995
25000 1.1399999997174746
25000 1.779999999635038
25000 1.6999999996587576
25000 1.8099999998066778
25000 1.7399999997105624
25000 1.1899999997367559
25000 0.8999999997213308
25000 1.5399999995461258
25000 1.2299999997521809
25000 1.4099999996469705
75000 2.670000000631262
75000 3.370000000893924
75000 2.870000000762957
75000 2.820000000523578
75000 3.6600000012149394
75000 3.01000000087879
75000 3.3400000010333315
75000 3.2600000010243093
75000 2.720000000521395
75000 2.990000000780128
250000 9.289999979795539
250000 9.709999979415443
250000 8.999999982566806
250000 9.469999983077287
250000 9.339999978416017
250000 9.209999985498143
250000 9.719999978100532
250000 9.10999997977342
250000 8.939999984228052
250000 9.309999978533597
