25 3.100000003541936e-05
25 4.5999999883861165e-05
25 3.200000014658144e-05
25 3.199999991920777e-05
25 9.1999999995096e-05
25 6.60000000607397e-05
25 7.600000003549212e-05
25 6.500000017695129e-05
25 3.100000003541936e-05
25 3.199999991920777e-05
50 0.00013599999988400668
50 0.00010700000007091148
50 9.999999997489795e-05
50 0.00012799999990420474
50 6.60000000607397e-05
50 6.499999994957761e-05
50 6.499999994957761e-05
50 6.599999983336602e-05
50 0.00014200000009623182
50 0.00020300000005590846
100 0.00020499999982348527
100 0.00023099999998521525
100 0.00014099999998506973
100 0.0002509999999347201
100 0.00018000000000029104
100 0.00013699999999516876
100 0.00013600000011138036
100 0.00020799999992959783
100 0.00014600000008613279
100 0.00014000000010128133
250 0.0004959999998845888
250 0.0005219999998189451
250 0.0005260000000362197
250 0.0005889999999908468
250 0.0005969999999706488
250 0.0005779999999049323
250 0.0005840000001171575
250 0.0005879999998796848
250 0.0005909999999857973
250 0.0005840000001171575
500 0.0015820000000985601
500 0.001580999999987398
500 0.0015909999999621505
500 0.0015289999998913117
500 0.001559999999926731
500 0.0015220000000226719
500 0.001600999999936903
500 0.001599000000169326
500 0.0016069999999217544
500 0.0014999999998508429
1000 0.0046100000001843
1000 0.004600999999865962
1000 0.004908000000114043
1000 0.004500000000007276
1000 0.004537000000027547
1000 0.004020000000082291
1000 0.0036789999999200518
1000 0.0036780000000362634
1000 0.0035860000000411674
1000 0.003592000000026019
2500 0.012850999999955093
2500 0.01273999999989428
2500 0.0127749999999196
2500 0.012504000000035376
2500 0.01245399999993424
2500 0.012204000000110682
2500 0.012160999999878186
2500 0.012094000000161031
2500 0.012120000000095388
2500 0.012122000000090338
5000 0.02620999999999185
5000 0.02578500000004169
5000 0.025276999999960026
5000 0.025579999999990832
5000 0.025111999999808177
5000 0.025825000000168075
5000 0.024681999999984328
5000 0.02646099999992657
5000 0.026440999999977066
5000 0.02588300000002164
10000 0.09298600000010993
10000 0.08658500000001368
10000 0.09104600000000573
10000 0.09029099999997925
10000 0.09638999999992848
10000 0.08871700000008786
10000 0.08748100000002523
10000 0.08721600000012586
10000 0.08779600000002574
10000 0.09153500000002168
25000 0.28791100000012193
25000 0.27302499999996144
25000 0.2732389999998759
25000 0.27651499999979023
25000 0.2762569999999869
25000 0.2724880000000667
25000 0.27218900000002577
25000 0.2728079999999409
25000 0.273618999999826
25000 0.27741500000001906
