25 3.599999990910874e-05
25 5.29999999798747e-05
25 3.700000002027082e-05
25 3.600000013648241e-05
25 3.600000013648241e-05
25 3.499999979794666e-05
25 3.500000002532033e-05
25 8.299999990413198e-05
25 3.700000002027082e-05
25 3.700000002027082e-05
50 9.49999998738349e-05
50 8.000000002539309e-05
50 7.80000000304426e-05
50 8.000000002539309e-05
50 8.000000002539309e-05
50 8.09999999091815e-05
50 8.09999999091815e-05
50 0.0001599999998234125
50 0.00012399999991430377
50 8.400000001529406e-05
100 0.00015000000007603376
100 0.00014999999984866008
100 0.00015299999995477265
100 0.00023000000010142685
100 0.00016899999991437653
100 0.00014099999998506973
100 0.00015100000018719584
100 0.0001999999999497959
100 0.00023099999998521525
100 0.00016200000004573667
250 0.0004930000000058499
250 0.0005370000001221342
250 0.0005249999999250576
250 0.0007160000000112632
250 0.0005759999999099819
250 0.0005769999997937703
250 0.00056100000006154
250 0.0005899999998746353
250 0.0005980000000818109
250 0.0005980000000818109
500 0.0011230000000068685
500 0.0010990000000674627
500 0.00112200000012308
500 0.0011650000001282024
500 0.0011969999998200365
500 0.0012719999999717402
500 0.0012349999999514694
500 0.0011219999998957064
500 0.0011540000000422879
500 0.001136999999971522
1000 0.002907000000050175
1000 0.0026300000001810986
1000 0.002536999999847467
1000 0.002776999999923646
1000 0.0025040000000444707
1000 0.002511000000140484
1000 0.0024250000001302396
1000 0.001997999999957756
1000 0.0020010000000638684
1000 0.0020020000001750304
2500 0.005964000000176384
2500 0.006818000000066604
2500 0.005610000000160653
2500 0.005577000000130283
2500 0.0056230000000141445
2500 0.005832000000054904
2500 0.005480000000034124
2500 0.005478000000039174
2500 0.00567799999998897
2500 0.00549700000010489
5000 0.012984999999844149
5000 0.012445999999954438
5000 0.012339999999994689
5000 0.012034000000085143
5000 0.012004000000160886
5000 0.011619999999993524
5000 0.011915000000044529
5000 0.011709000000109882
5000 0.011706000000003769
5000 0.011721999999963373
10000 0.02900099999988015
10000 0.028027999999949316
10000 0.028066999999964537
10000 0.02754600000002938
10000 0.02846599999998034
10000 0.027638000000024476
10000 0.028163000000176908
10000 0.029088000000001557
10000 0.028002999999898748
10000 0.028943999999910375
25000 0.07906100000013794
25000 0.08139799999980823
25000 0.07804700000019693
25000 0.07969499999990148
25000 0.0809950000000299
25000 0.0853380000000925
25000 0.07794100000000981
25000 0.08027100000003884
25000 0.0817700000000059
25000 0.0828230000001895
