25 6.099999995967664e-05
25 5.899999996472616e-05
25 4.500000000007276e-05
25 4.500000000007276e-05
25 4.500000000007276e-05
25 4.500000000007276e-05
25 4.600000011123484e-05
25 4.600000011123484e-05
25 4.600000011123484e-05
25 4.5999999883861165e-05
50 0.00014099999998506973
50 9.900000009110954e-05
50 9.999999997489795e-05
50 9.999999997489795e-05
50 9.999999997489795e-05
50 0.00010099999985868635
50 0.00019100000008620555
50 0.00025500000015199475
50 0.00010199999996984843
50 0.00010100000008606003
100 0.00029799999992974335
100 0.00018999999997504347
100 0.00018299999987902993
100 0.00019199999996999395
100 0.00017699999989417847
100 0.00026000000002568413
100 0.00023000000010142685
100 0.00027100000011159864
100 0.0002630000001317967
100 0.00019499999984873284
250 0.0005680000001575536
250 0.0005320000000210712
250 0.0006229999999050051
250 0.0006060000000616128
250 0.0006040000000666623
250 0.0006010000001879234
250 0.0006160000000363652
250 0.0006060000000616128
250 0.0006110000001626759
250 0.0006170000001475273
500 0.0014740000001438602
500 0.0014730000000326982
500 0.0013750000000527507
500 0.0013689999998405256
500 0.0013659999999617867
500 0.0014029999999820575
500 0.001488999999992302
500 0.0013989999999921565
500 0.0014099999998506973
500 0.0013619999999718857
1000 0.002979000000095766
1000 0.002928000000110842
1000 0.003146000000015192
1000 0.0029180000001360895
1000 0.002975000000105865
1000 0.0027119999999740685
1000 0.002372000000150365
1000 0.002379000000019005
1000 0.0023590000000695
1000 0.0023739999999179418
2500 0.007160000000112632
2500 0.006378000000040629
2500 0.006162000000131229
2500 0.006199999999807915
2500 0.006296000000020285
2500 0.005920999999943888
2500 0.006046999999853142
2500 0.006397000000106345
2500 0.006059000000050219
2500 0.006157000000030166
5000 0.015327999999954045
5000 0.01361300000007759
5000 0.013658000000077664
5000 0.012813000000051034
5000 0.01294699999994009
5000 0.012647000000015396
5000 0.012953000000152315
5000 0.013185999999905107
5000 0.014408000000003085
5000 0.012894999999844003
10000 0.02959200000009332
10000 0.028667999999925087
10000 0.029784999999947104
10000 0.029649000000063097
10000 0.028795000000172877
10000 0.02868199999988974
10000 0.02817800000002535
10000 0.02804500000002008
10000 0.028401000000030763
10000 0.03040200000009463
25000 0.08197999999993044
25000 0.07823000000007596
25000 0.07460700000001452
25000 0.07516600000008111
25000 0.07972200000017438
25000 0.07759299999997893
25000 0.07633800000007795
25000 0.07580999999981941
25000 0.07637500000009823
25000 0.0774220000000696
