25 4.500000000007276e-05
25 7.80000000304426e-05
25 4.399999988891068e-05
25 4.3000000005122274e-05
25 4.3000000005122274e-05
25 4.4000000116284355e-05
25 8.499999989908247e-05
25 4.600000011123484e-05
25 4.500000000007276e-05
25 4.399999988891068e-05
50 9.49999998738349e-05
50 9.500000010120857e-05
50 9.399999999004649e-05
50 9.399999999004649e-05
50 9.49999998738349e-05
50 9.500000010120857e-05
50 0.0002220000001216249
50 0.00010199999996984843
50 9.399999999004649e-05
50 9.500000010120857e-05
100 0.00017899999988912896
100 0.0003189999999904103
100 0.00017400000001543958
100 0.00017099999990932702
100 0.0002509999999347201
100 0.0001869999998689309
100 0.00031399999988934724
100 0.00017500000012660166
100 0.000253999999813459
100 0.00017600000001039007
250 0.0005570000000716391
250 0.000546999999869513
250 0.0006160000000363652
250 0.0005619999999453285
250 0.0005660000001626031
250 0.0005750000000261934
250 0.0005840000001171575
250 0.000569000000041342
250 0.0005719999999200809
250 0.0005700000001525041
500 0.0014330000001336884
500 0.00141299999995681
500 0.0012710000000879518
500 0.001283999999941443
500 0.0012880000001587177
500 0.0014790000000175496
500 0.0013699999999516876
500 0.0012699999999767897
500 0.0012529999999060237
500 0.0012639999999919382
1000 0.003007000000025073
1000 0.0028659999998126295
1000 0.0027619999998478306
1000 0.0029970000000503205
1000 0.002737999999908425
1000 0.002340999999887572
1000 0.002204000000119777
1000 0.002204000000119777
1000 0.0022019999998974527
1000 0.002203999999892403
2500 0.006814000000076703
2500 0.006016000000045096
2500 0.00596199999995406
2500 0.0059210000001712615
2500 0.006176000000095883
2500 0.005644000000074811
2500 0.0056899999999586726
2500 0.005679000000100132
2500 0.006935000000112268
2500 0.0058160000000953005
5000 0.01287200000001576
5000 0.012923999999884472
5000 0.012899999999945067
5000 0.012170999999852938
5000 0.012324000000035085
5000 0.012351999999964391
5000 0.012373000000025058
5000 0.01229700000021694
5000 0.012698999999884109
5000 0.012521000000106142
10000 0.028125000000045475
10000 0.026968000000124448
10000 0.02877699999999095
10000 0.02687200000013945
10000 0.027736999999888212
10000 0.027217999999948006
10000 0.02672800000004827
10000 0.028458999999884327
10000 0.02853000000004613
10000 0.027356999999938125
25000 0.07537300000012692
25000 0.07351100000005317
25000 0.07238600000005135
25000 0.07294100000012804
25000 0.07609200000001692
25000 0.07388399999990725
25000 0.07282900000018344
25000 0.07317400000010821
25000 0.07502299999987372
25000 0.07205300000009629
