25 7.499999992433004e-05
25 0.00011700000004566391
25 4.799999987881165e-05
25 4.600000011123484e-05
25 4.6999999995023245e-05
25 4.6999999995023245e-05
25 4.5999999883861165e-05
25 0.00010400000019217259
25 4.799999987881165e-05
25 4.8000000106185325e-05
50 0.00022899999999026477
50 0.000105000000075961
50 0.0001850000001013541
50 0.00010300000008101051
50 0.00010300000008101051
50 0.000105000000075961
50 0.0002380000000812288
50 0.0002790000000914006
50 0.00011000000017702405
50 0.00010399999996479892
100 0.0003950000000259024
100 0.00020500000005085894
100 0.00019800000018221908
100 0.0001999999999497959
100 0.00019100000008620555
100 0.00020100000006095797
100 0.00028499999984887836
100 0.00020100000006095797
100 0.000279999999975189
100 0.00019200000019736763
250 0.0005360000000109721
250 0.0005929999999807478
250 0.0006829999999808933
250 0.0006869999999707943
250 0.000661000000036438
250 0.0006739999998899293
250 0.0006739999998899293
250 0.0006679999999050779
250 0.0006720000001223525
250 0.0006710000000111904
500 0.0017359999999371212
500 0.001607000000149128
500 0.001519000000143933
500 0.0015899999998509884
500 0.0014830000000074506
500 0.0016089999999167048
500 0.0018049999998765998
500 0.0015280000000075233
500 0.0015089999999418069
500 0.0015029999999569554
1000 0.003267000000050757
1000 0.0036989999998695566
1000 0.003426000000217755
1000 0.0033189999999194697
1000 0.0033450000000811997
1000 0.0032140000000708824
1000 0.0026499999999032298
1000 0.002660000000105356
1000 0.0026539999998931307
1000 0.002656000000115455
2500 0.009041999999908512
2500 0.0075010000000474975
2500 0.007258999999976368
2500 0.007202000000006592
2500 0.007254999999986467
2500 0.007000000000061846
2500 0.006923000000142565
2500 0.006921999999804029
2500 0.006979000000001179
2500 0.007441000000198983
5000 0.01972299999988536
5000 0.015675000000101136
5000 0.015812999999980093
5000 0.014974999999822103
5000 0.015104000000064843
5000 0.014908000000104948
5000 0.015122000000019398
5000 0.015072000000145636
5000 0.015151000000059867
5000 0.015605000000050495
10000 0.036385999999993146
10000 0.033560999999963315
10000 0.03407500000002983
10000 0.036025000000108776
10000 0.03350300000010975
10000 0.033456999999998516
10000 0.03309399999989182
10000 0.033181999999897016
10000 0.03325399999994261
10000 0.033281999999871914
25000 0.09439300000008188
25000 0.09575699999982135
25000 0.09306900000001406
25000 0.09012299999994866
25000 0.09478899999999157
25000 0.09067899999990914
25000 0.09216000000014901
25000 0.09377999999992426
25000 0.09050300000012612
25000 0.09220700000014403
