25 4.399999988891068e-05
25 7.299999992937956e-05
25 4.899999998997373e-05
25 3.399999991415825e-05
25 3.499999979794666e-05
25 4.8000000106185325e-05
25 7.400000004054164e-05
25 0.00011500000005071342
25 3.399999991415825e-05
25 3.399999991415825e-05
50 8.600000001024455e-05
50 6.400000006578921e-05
50 0.00012200000014672696
50 6.499999994957761e-05
50 6.400000006578921e-05
50 6.69999999445281e-05
50 6.299999995462713e-05
50 6.299999995462713e-05
50 0.00012599999990925426
50 0.0001300000001265289
100 0.0005050000002029265
100 0.00020500000005085894
100 0.0001440000000911823
100 0.00020599999993464735
100 0.00017300000013165118
100 0.0001440000000911823
100 0.00013400000011642987
100 0.0001609999999345746
100 0.00015099999995982216
100 0.00018700000009630457
250 0.0004320000000461732
250 0.0004740000001675071
250 0.0005350000001271837
250 0.0005390000001170847
250 0.0005569999998442654
250 0.0005549999998493149
250 0.0005269999999200081
250 0.0005200000000513683
250 0.0005369999998947605
250 0.0005360000000109721
500 0.0012699999999767897
500 0.0012940000001435692
500 0.0013619999999718857
500 0.001366999999845575
500 0.001247000000148546
500 0.001243000000158645
500 0.001303999999890948
500 0.0014559999999619322
500 0.0012870000000475557
500 0.0012280000000828295
1000 0.0033439999999700376
1000 0.003392000000076223
1000 0.0034980000000359723
1000 0.003500000000030923
1000 0.003283000000010361
1000 0.003256999999848631
1000 0.0026700000000801083
1000 0.0027309999998124113
1000 0.0026790000001710723
1000 0.0026069999998981075
2500 0.010206000000152926
2500 0.008980000000065047
2500 0.00861199999985729
2500 0.00885999999991327
2500 0.008626000000049316
2500 0.008649999999988722
2500 0.008430000000089422
2500 0.008343000000195389
2500 0.008528000000069369
2500 0.008588000000145257
5000 0.022737000000006446
5000 0.01841699999999946
5000 0.018461000000115746
5000 0.018852000000151747
5000 0.018422000000100525
5000 0.01834499999995387
5000 0.01803199999994831
5000 0.01914000000010674
5000 0.0188580000001366
5000 0.018784999999979846
10000 0.05946500000004562
10000 0.056939000000056694
10000 0.06957699999998113
10000 0.05675199999996039
10000 0.060187000000041735
10000 0.06134199999996781
10000 0.054472000000032494
10000 0.05478100000004815
10000 0.05699800000002142
10000 0.05702599999995073
25000 0.17412899999999354
25000 0.17459299999995892
25000 0.1709849999999733
25000 0.17051599999990685
25000 0.16903899999988425
25000 0.17488800000000992
25000 0.16872299999999996
25000 0.16926899999998568
25000 0.16992000000004737
25000 0.17455100000006496
