25 3.90000000152213e-05
25 0.000105000000075961
25 3.799999990405922e-05
25 3.799999990405922e-05
25 3.799999990405922e-05
25 3.700000002027082e-05
25 3.599999990910874e-05
25 3.700000002027082e-05
25 3.80000001314329e-05
25 3.700000002027082e-05
50 0.0001609999999345746
50 8.500000012645614e-05
50 0.00010399999996479892
50 8.499999989908247e-05
50 8.400000001529406e-05
50 8.600000001024455e-05
50 8.600000001024455e-05
50 0.0001479999998537096
50 0.00012100000003556488
50 9.10000001113076e-05
100 0.00019199999996999395
100 0.00035099999990961805
100 0.00015299999995477265
100 0.0002490000001671433
100 0.0002730000001065491
100 0.0001440000000911823
100 0.0001979999999548454
100 0.00031300000000555883
100 0.00015299999995477265
100 0.0001469999999699212
250 0.0006180000000313157
250 0.0005539999999655265
250 0.000595000000203072
250 0.0006710000000111904
250 0.0005920000000969594
250 0.0006099999998241401
250 0.0005869999999958964
250 0.0006060000000616128
250 0.0006009999999605498
250 0.000643999999965672
500 0.0011279999998805579
500 0.0010930000000826112
500 0.0011120000001483277
500 0.0010760000000118453
500 0.0011190000000169675
500 0.00123000000007778
500 0.0012499999997999112
500 0.001109000000042215
500 0.001130000000102882
500 0.0011200000001281296
1000 0.0028119999999489664
1000 0.0025820000000749133
1000 0.0026699999998527346
1000 0.002564000000120359
1000 0.0026569999999992433
1000 0.002512999999908061
1000 0.0024229999999079155
1000 0.002062000000023545
1000 0.0019409999999879801
1000 0.001993999999967855
2500 0.0060920000000805885
2500 0.006867000000056578
2500 0.005400000000008731
2500 0.005390999999917767
2500 0.005365999999867199
2500 0.005498999999872467
2500 0.005290999999942869
2500 0.005280999999968117
2500 0.005311000000119748
2500 0.005231999999978143
5000 0.015464000000065425
5000 0.012163999999984298
5000 0.011999000000059823
5000 0.01166600000010476
5000 0.011737999999922977
5000 0.011375000000043656
5000 0.011342000000013286
5000 0.011584999999968204
5000 0.011362000000190164
5000 0.011324000000058732
10000 0.02356699999995726
10000 0.02309700000000703
10000 0.0227469999999812
10000 0.02211200000010649
10000 0.022814999999809515
10000 0.022389999999859356
10000 0.02339399999982561
10000 0.02292899999997644
10000 0.02299799999991592
10000 0.024392000000034386
25000 0.06757000000015978
25000 0.06723699999997734
25000 0.06309299999998075
25000 0.06322999999997592
25000 0.06593199999997523
25000 0.06549199999994926
25000 0.06523799999990842
25000 0.06413199999997232
25000 0.06582299999990937
25000 0.06765899999982139
