25 3.199999991920777e-05
25 3.400000014153193e-05
25 3.100000003541936e-05
25 3.100000003541936e-05
25 2.999999992425728e-05
25 5.2000000096086296e-05
25 4.600000011123484e-05
25 5.999999984851456e-05
25 3.100000003541936e-05
25 3.199999991920777e-05
50 0.0001330000000052678
50 8.499999989908247e-05
50 0.0001059999999597494
50 7.600000003549212e-05
50 5.400000009103678e-05
50 5.29999999798747e-05
50 5.29999999798747e-05
50 5.600000008598727e-05
50 0.00010999999994965037
50 8.499999989908247e-05
100 0.00014700000019729487
100 0.0002769999998690764
100 0.0001190000000406144
100 0.00015200000007098424
100 0.00015200000007098424
100 0.00011500000005071342
100 0.00010799999995469989
100 0.00013500000000021828
100 0.00012100000003556488
100 0.00011299999982838926
250 0.0003560000000106811
250 0.00034800000003087916
250 0.0003729999998540734
250 0.00038700000004610047
250 0.00040100000001075387
250 0.0003729999998540734
250 0.00037799999995513645
250 0.000398000000132015
250 0.0003820000001724111
250 0.0003840000001673616
500 0.0007740000000922009
500 0.0008649999999761349
500 0.0008939999997892301
500 0.000814999999874999
500 0.0008210000000872242
500 0.0007740000000922009
500 0.0008329999998295534
500 0.0008660000000872969
500 0.0008179999999811116
500 0.0007769999999709398
1000 0.0017550000000028376
1000 0.001679999999851134
1000 0.0019239999999172142
1000 0.0016339999999672727
1000 0.001678000000083557
1000 0.0015820000000985601
1000 0.0013249999999516149
1000 0.0013469999998960702
1000 0.0013119999998707499
1000 0.0012820000001738663
2500 0.004024000000072192
2500 0.0038700000000062573
2500 0.0037210000000413856
2500 0.003913999999895168
2500 0.0037710000001425215
2500 0.0038080000001627923
2500 0.0037630000001627195
2500 0.0037559999998393323
2500 0.003793000000086977
2500 0.003793999999970765
5000 0.008653999999978623
5000 0.00856900000007954
5000 0.008419000000003507
5000 0.0081119999999828
5000 0.008469000000104643
5000 0.00845700000013494
5000 0.008251999999856707
5000 0.008547000000135085
5000 0.00884600000017599
5000 0.008694999999988795
10000 0.019286999999849286
10000 0.01819399999999405
10000 0.023750000000063665
10000 0.01749199999994744
10000 0.018814999999904103
10000 0.01799299999993309
10000 0.017220000000179425
10000 0.01721199999997225
10000 0.01738599999998769
10000 0.018015999999988708
25000 0.049337999999806925
25000 0.04956100000003971
25000 0.049388000000135435
25000 0.048080999999911
25000 0.04890099999988706
25000 0.04859800000008363
25000 0.05083599999989019
25000 0.05173899999999776
25000 0.048199999999951615
25000 0.050631999999950494
