25 4.5999999883861165e-05
25 9.599999998499698e-05
25 3.999999989900971e-05
25 3.90000000152213e-05
25 3.90000000152213e-05
25 4.0000000126383384e-05
25 3.799999990405922e-05
25 3.90000000152213e-05
25 3.90000000152213e-05
25 4.0000000126383384e-05
50 0.00018700000009630457
50 9.10000001113076e-05
50 8.900000011635711e-05
50 8.800000000519503e-05
50 8.899999988898344e-05
50 9.099999988393392e-05
50 9.10000001113076e-05
50 0.00013599999988400668
50 9.1999999995096e-05
50 0.00016500000015184924
100 0.00034899999991466757
100 0.000210000000151922
100 0.00017400000001543958
100 0.0001700000000255386
100 0.0003600000000005821
100 0.00016899999991437653
100 0.00025800000003073364
100 0.00040500000000065484
100 0.00020700000004580943
100 0.00024200000007112976
250 0.0006430000000818836
250 0.0006180000000313157
250 0.0006419999999707215
250 0.0009390000000166765
250 0.0006819999998697313
250 0.0006750000000010914
250 0.0006880000000819564
250 0.0006649999997989653
250 0.0006559999999353749
250 0.0006750000000010914
500 0.0014369999998962157
500 0.0012569999998959247
500 0.0012990000000172586
500 0.0013329999999314168
500 0.0013790000000426517
500 0.0014380000000073778
500 0.0014489999998659187
500 0.0013480000000072323
500 0.00130500000000211
500 0.001326000000062777
1000 0.0032129999999597203
1000 0.003376000000116619
1000 0.0032009999999900174
1000 0.003027999999858366
1000 0.0033519999999498395
1000 0.0029429999999592837
1000 0.002880999999888445
1000 0.002625999999963824
1000 0.0023400000000037835
1000 0.0023370000001250446
2500 0.007925999999997657
2500 0.008510999999998603
2500 0.006591999999955078
2500 0.00653199999987919
2500 0.006583999999975276
2500 0.0066349999999602005
2500 0.006474000000025626
2500 0.006424000000151864
2500 0.006437000000005355
2500 0.006259999999883803
5000 0.018503999999893495
5000 0.014872999999852254
5000 0.014745999999831838
5000 0.014114000000063243
5000 0.014609999999947831
5000 0.013829999999870779
5000 0.013885000000072978
5000 0.01396799999997711
5000 0.013925999999855776
5000 0.01428699999996752
10000 0.03932499999996253
10000 0.030729999999948632
10000 0.030438999999887528
10000 0.029767999999876338
10000 0.030310999999983324
10000 0.030128999999988082
10000 0.030823999999938678
10000 0.03129100000001017
10000 0.032290000000102737
10000 0.03012199999989207
25000 0.09081900000001042
25000 0.0854220000001078
25000 0.0855589999998756
25000 0.08663000000001375
25000 0.08735999999998967
25000 0.08920400000010886
25000 0.08874799999989591
25000 0.08719099999984792
25000 0.0907630000001518
25000 0.0918610000001081
