25 1.450000000000001
25 0.7799999999999976
25 1.299999999999999
25 0.9600000000000009
25 2.0999999999999996
25 1.8600000000000012
25 1.1000000000000005
25 1.070000000000002
25 0.47999999999999865
25 2.009999999999998
75 3.980000000000004
75 1.3499999999999908
75 1.9600000000000044
75 1.5800000000000054
75 0.7600000000000087
75 2.2199999999999953
75 1.3300000000000054
75 1.7600000000000087
75 3.429999999999996
75 1.7299999999999969
250 3.07999999999997
250 3.2900000000000205
250 5.329999999999998
250 3.42999999999995
250 2.5299999999999585
250 3.779999999999987
250 2.769999999999982
250 2.830000000000041
250 3.319999999999993
250 2.880000000000024
750 4.910000000000224
750 5.649999999999892
750 7.5799999999997
750 6.180000000000064
750 6.2499999999998295
750 4.609999999999729
750 5.2000000000000455
750 5.560000000000002
750 7.030000000000086
750 4.019999999999982
2500 12.909999999999627
2500 16.110000000003424
2500 12.41000000000065
2500 12.040000000003715
2500 12.44000000000301
2500 13.170000000003142
2500 11.940000000002556
2500 12.32000000000437
2500 12.32000000000221
2500 10.35000000000116
7500 33.45999999999822
7500 30.01000000000613
7500 28.76999999998452
7500 32.729999999989104
7500 26.670000000006894
7500 24.619999999999436
7500 37.70999999998776
7500 31.659999999998945
7500 30.189999999989595
7500 27.79999999999336
25000 84.13999999985208
25000 84.77999999987514
25000 82.69999999982429
25000 80.80999999988671
25000 80.73999999989974
25000 80.18999999983134
25000 90.89999999989413
25000 86.53999999978987
25000 82.22999999988315
25000 87.40999999987616
75000 245.67000000012922
75000 235.37000000011176
75000 239.8700000002209
75000 227.8199999997887
75000 227.66000000000713
75000 228.01000000032582
75000 243.3399999999201
75000 223.2600000002276
75000 217.71999999991385
75000 224.98999999991065
250000 743.2900000072987
250000 760.710000008723
250000 790.0000000081782
250000 742.4700000084995
250000 743.3400000061229
250000 780.2100000075297
250000 756.7200000075536
250000 780.1100000076549
250000 783.9400000080641
250000 798.3100000050181
