25 1.450000000000001
25 0.7799999999999976
25 1.299999999999999
25 0.9600000000000009
25 2.0999999999999996
25 1.8600000000000012
25 1.1000000000000005
25 1.070000000000002
25 0.47999999999999865
25 2.009999999999998
75 3.980000000000004
75 1.3499999999999908
75 1.9600000000000044
75 1.5800000000000054
75 0.7600000000000087
75 2.2199999999999953
75 2.3300000000000054
75 1.7600000000000087
75 4.429999999999996
75 1.7299999999999969
250 3.07999999999997
250 4.2900000000000205
250 7.329999999999998
250 4.42999999999995
250 2.5299999999999585
250 4.779999999999987
250 3.769999999999982
250 3.830000000000041
250 4.319999999999993
250 2.880000000000024
750 6.910000000000224
750 5.649999999999892
750 7.5799999999997
750 9.180000000000064
750 10.24999999999983
750 6.609999999999729
750 7.2000000000000455
750 7.560000000000002
750 9.030000000000086
750 6.019999999999982
2500 17.909999999999627
2500 18.110000000003424
2500 15.41000000000065
2500 17.040000000003715
2500 16.44000000000301
2500 16.170000000003142
2500 15.940000000002556
2500 16.32000000000437
2500 16.32000000000221
2500 15.35000000000116
7500 40.45999999999822
7500 38.01000000000613
7500 37.76999999998452
7500 38.729999999989104
7500 34.670000000006894
7500 35.619999999999436
7500 44.70999999998776
7500 40.659999999998945
7500 40.189999999989595
7500 38.79999999999336
25000 101.13999999985208
25000 112.77999999987514
25000 102.69999999982429
25000 106.80999999988671
25000 103.73999999989974
25000 99.18999999983134
25000 113.89999999989413
25000 106.53999999978987
25000 107.22999999988315
25000 106.40999999987616
75000 294.6700000001292
75000 293.37000000011176
75000 296.8700000002209
75000 276.8199999997887
75000 290.66000000000713
75000 277.0100000003258
75000 289.3399999999201
75000 281.2600000002276
75000 283.71999999991385
75000 277.98999999991065
250000 914.2900000072987
250000 911.710000008723
250000 924.0000000081782
250000 891.4700000084995
250000 884.3400000061229
250000 918.2100000075297
250000 897.7200000075536
250000 910.1100000076549
250000 913.9400000080641
250000 945.3100000050181
