10 0.5377358490566038
10 0.5454545454545454
10 0.5789473684210527
10 0.6052631578947368
10 0.6
10 0.5113636363636364
10 0.4891304347826087
10 0.5357142857142857
10 0.6304347826086957
10 0.5625
10 0.5089285714285714
10 0.5480769230769231
10 0.45454545454545453
10 0.48484848484848486
10 0.5185185185185185
50 0.2225609756097561
50 0.20230005227391532
50 0.22451029633350075
50 0.22233057045343735
50 0.21212121212121213
50 0.21592649310872894
50 0.22603719599427755
50 0.21036585365853658
50 0.22105263157894736
50 0.23867964451967838
50 0.20953757225433525
50 0.2022132796780684
50 0.24218385440970602
50 0.22022362664073894
50 0.2258660508083141
100 0.14442443098084165
100 0.14544513457556935
100 0.14107274063188832
100 0.14737991266375547
100 0.1579208740274789
100 0.1571170579543589
100 0.1442768411712511
100 0.15091813312930374
100 0.14568345323741008
100 0.13471502590673576
100 0.12550237486298868
100 0.13627152988855115
100 0.15379920659139457
100 0.14603396953248118
100 0.1332
500 0.04701106262052167
500 0.04877957612230404
500 0.04835016247573768
500 0.04633432366305488
500 0.046733509234828496
500 0.048399035815286505
500 0.04858479581683849
500 0.04764291873032424
500 0.04635012289805314
500 0.049287847958786095
500 0.04655892111741411
500 0.04944808231992517
500 0.04917679587769539
500 0.04609361845428523
500 0.05090684708112039
1000 0.02730063764465087
1000 0.028969020344453558
1000 0.029230545105533322
1000 0.028356171962892605
1000 0.028516721981107992
1000 0.03006555647652777
1000 0.029480952189795673
1000 0.026909670939918473
1000 0.02833040547168297
1000 0.02707374272561452
1000 0.029104733140765063
1000 0.029208868144690783
1000 0.02819440312221075
1000 0.02835216371775741
1000 0.03096995614632419
