10 0.4482758620689655
10 0.3870967741935484
10 0.44
10 0.34285714285714286
10 0.5089285714285714
10 0.46153846153846156
10 0.21739130434782608
10 0.06382978723404255
10 0.6160714285714286
10 0.44680851063829785
10 0.47619047619047616
10 0.5192307692307693
10 0.5454545454545454
10 0.0
10 0.3103448275862069
50 0.12921751615218952
50 0.15370705244122965
50 0.15739570164348926
50 0.14922813036020582
50 0.15117289313640314
50 0.15195369030390737
50 0.16856060606060605
50 0.14887218045112782
50 0.16446124763705103
50 0.15589887640449437
50 0.1561822125813449
50 0.176657824933687
50 0.14615384615384616
50 0.13996478873239437
50 0.14526779163609685
100 0.09360613810741689
100 0.1009151620084096
100 0.0893157262905162
100 0.09262202043132804
100 0.08546803926262868
100 0.09455587392550144
100 0.10863157894736843
100 0.10156782549420586
100 0.0891089108910891
100 0.09819180590524147
100 0.1146715495536736
100 0.07986960065199673
100 0.09125168236877523
100 0.07952871870397643
100 0.09287305122494433
500 0.023335382641469088
500 0.024968177812591794
500 0.02622045448787779
500 0.02362026462745887
500 0.026864961961115808
500 0.025114047876593142
500 0.024458334362724512
500 0.025770395094310332
500 0.024449679148728778
500 0.025570484635602173
500 0.023438124950004
500 0.026273159866356182
500 0.02558796810336126
500 0.02454003171327175
500 0.023986204013377928
1000 0.013869961539626299
1000 0.013162356277550014
1000 0.013231046370779886
1000 0.013518066200623263
1000 0.0132609365536441
1000 0.014123161367911438
1000 0.01380842537178574
1000 0.014097889964161408
1000 0.015247776365946633
1000 0.013576808658775872
1000 0.014212296174100627
1000 0.013798988490436448
1000 0.013895971443141255
1000 0.013087216575038632
1000 0.01506953996637628
