25 0.00011099999999997223
25 8.300000000005525e-05
25 6.299999999992423e-05
25 6.500000000020378e-05
25 0.00013800000000019352
25 0.00011399999999994748
25 0.00011400000000039157
25 0.0001180000000000625
25 0.0001070000000003013
25 6.4000000000064e-05
50 0.0004819999999998714
50 0.0003690000000000637
50 0.0004570000000003738
50 0.00038899999999975066
50 0.0006020000000002135
50 0.0003449999999998177
50 0.00046400000000001995
50 0.0005060000000001175
50 0.0005440000000001
50 0.0005329999999998947
100 0.0015930000000001776
100 0.001806999999999892
100 0.001322999999999741
100 0.0022039999999998727
100 0.0019529999999998715
100 0.0022100000000002673
100 0.001426999999999623
100 0.0013799999999997148
100 0.001434999999999853
100 0.0019580000000001263
250 0.012037999999999993
250 0.013612999999999875
250 0.008232999999999713
250 0.007870000000000044
250 0.006333000000000144
250 0.006321999999999939
250 0.006180000000000074
250 0.006235000000000213
250 0.006458000000000297
250 0.006181000000000214
500 0.026981000000000144
500 0.02631899999999998
500 0.02637400000000012
500 0.025791999999999593
500 0.03052799999999989
500 0.02623500000000023
500 0.026362999999999914
500 0.026356999999999964
500 0.03168799999999994
500 0.036375000000000046
1000 0.11716999999999977
1000 0.11058099999999982
1000 0.1136269999999997
1000 0.1093869999999999
1000 0.1092439999999999
1000 0.10999200000000009
1000 0.1187630000000004
1000 0.12667800000000007
1000 0.11516400000000004
1000 0.11791499999999999
2500 0.8430220000000004
2500 0.7320540000000006
2500 0.7341499999999996
2500 0.7328679999999999
2500 0.7480130000000003
2500 0.7753760000000014
2500 0.8122050000000005
2500 0.7842899999999986
2500 0.9319480000000002
2500 0.7452439999999996
5000 3.028786
5000 2.9878709999999984
5000 3.007522999999999
5000 3.002411000000002
5000 2.9872079999999954
5000 3.0042410000000004
5000 3.0047149999999974
5000 3.0294250000000034
5000 3.0078300000000056
5000 3.0138040000000004
10000 12.172728000000006
10000 12.109899999999996
10000 12.192966999999996
10000 12.124322000000006
10000 12.217463999999978
10000 12.158749999999998
10000 12.15033299999999
10000 12.236963000000003
10000 12.249570000000006
10000 12.190807000000007
25000 76.49454300000002
25000 76.32602600000001
25000 76.671381
25000 76.57365600000003
25000 76.38524900000004
25000 80.464562
25000 76.73505199999988
25000 77.6689080000001
25000 77.27956799999993
25000 77.823128
