25 6.99999999995704e-05
25 4.899999999974369e-05
25 5.199999999971894e-05
25 2.5999999999637424e-05
25 3.6999999999842714e-05
25 5.699999999997374e-05
25 6.899999999987472e-05
25 6.100000000008876e-05
25 5.199999999971894e-05
25 6.4000000000064e-05
50 0.00015900000000002024
50 0.00012699999999998823
50 0.00021800000000027353
50 0.0002530000000002808
50 0.00021899999999996922
50 0.00024300000000021527
50 0.00025599999999981193
50 0.00027500000000024727
50 0.0002469999999998862
50 0.00023400000000028953
100 0.0007649999999999046
100 0.001124000000000347
100 0.0011290000000001577
100 0.0008960000000000079
100 0.0011070000000001912
100 0.001134999999999664
100 0.0005660000000000664
100 0.0006949999999998902
100 0.0007709999999998551
100 0.000812000000000257
250 0.008411999999999864
250 0.005710000000000104
250 0.005017999999999745
250 0.003690000000000193
250 0.003779000000000199
250 0.0031090000000002505
250 0.003286000000000122
250 0.00340600000000002
250 0.003003000000000089
250 0.0031530000000001834
500 0.01444999999999963
500 0.013431000000000193
500 0.013584999999999958
500 0.013271000000000033
500 0.012859000000000176
500 0.017148000000000163
500 0.013454000000000299
500 0.01355900000000032
500 0.013202999999999854
500 0.01750600000000002
1000 0.06635500000000016
1000 0.05801400000000001
1000 0.056609999999999605
1000 0.05851200000000034
1000 0.05830499999999983
1000 0.05614600000000003
1000 0.06251699999999971
1000 0.06467299999999998
1000 0.06082600000000049
1000 0.06441699999999972
2500 0.41068700000000025
2500 0.39948599999999956
2500 0.374587
2500 0.3743370000000006
2500 0.37032299999999907
2500 0.406428
2500 0.4006190000000007
2500 0.4000629999999994
2500 0.4394580000000001
2500 0.3974960000000003
5000 1.5717929999999996
5000 1.5286650000000002
5000 1.5528509999999969
5000 1.543140000000001
5000 1.5190389999999994
5000 1.543101
5000 1.5210090000000065
5000 1.5404179999999954
5000 1.5471700000000013
5000 1.5246099999999956
10000 6.178370000000001
10000 6.250968999999998
10000 6.193354999999997
10000 6.088131000000004
10000 6.197553999999997
10000 6.115701000000001
10000 6.165340000000015
10000 6.141325999999992
10000 6.538499999999999
10000 6.108906999999988
25000 38.76387200000002
25000 38.428593999999975
25000 38.751413999999954
25000 38.342667000000006
25000 38.328254000000015
25000 38.73354299999994
25000 38.722038
25000 38.99389999999994
25000 38.905737000000045
25000 39.1414870000001
