25 4.8000000000048004e-05
25 3.6999999999842714e-05
25 4.300000000023729e-05
25 3.300000000017178e-05
25 2.200000000041058e-05
25 4.6999999999908226e-05
25 1.4999999999876223e-05
25 4.8000000000048004e-05
25 3.6999999999842714e-05
25 2.0999999999826713e-05
50 8.799999999986596e-05
50 5.100000000002325e-05
50 7.899999999994023e-05
50 8.09999999997757e-05
50 0.0001230000000003173
50 0.0001500000000000945
50 0.000172000000000061
50 7.900000000038432e-05
50 0.00011500000000008725
50 0.00015900000000002024
100 0.00018999999999991246
100 0.0003439999999996779
100 0.00037900000000012923
100 0.00042699999999973315
100 0.0003289999999998017
100 0.0002619999999997624
100 0.00016900000000008575
100 0.00021700000000013375
100 0.00016999999999978144
100 0.00038400000000038403
250 0.0011719999999999509
250 0.0011220000000000674
250 0.0005820000000000825
250 0.0005079999999999529
250 0.0005180000000000184
250 0.00027500000000024727
250 0.0004610000000000447
250 0.00044900000000014373
250 0.000328000000000106
250 0.00044800000000000395
500 0.001530999999999949
500 0.0012380000000002944
500 0.0012010000000000076
500 0.0013740000000002084
500 0.001278999999999808
500 0.0014259999999999273
500 0.0012570000000002857
500 0.001342999999999872
500 0.0015039999999997278
500 0.002134999999999998
1000 0.0025590000000002
1000 0.002777999999999725
1000 0.0025450000000000195
1000 0.0024250000000001215
1000 0.003371000000000013
1000 0.003041999999999767
1000 0.0029000000000003467
1000 0.0026079999999994996
1000 0.0035410000000002384
1000 0.002671000000000312
2500 0.01035399999999953
2500 0.010578999999999894
2500 0.008433000000000135
2500 0.008255999999999375
2500 0.008197000000000898
2500 0.009227000000000984
2500 0.008950000000000458
2500 0.008552999999999145
2500 0.009396000000000626
2500 0.010715999999998616
5000 0.01947099999999935
5000 0.014594000000002438
5000 0.018842000000002912
5000 0.01913499999999857
5000 0.01835299999999762
5000 0.023108999999998048
5000 0.022871000000002084
5000 0.018778999999994994
5000 0.021042999999998813
5000 0.020885999999997296
10000 0.046408999999997036
10000 0.04090400000001182
10000 0.04319900000000132
10000 0.04840200000001005
10000 0.04671600000000353
10000 0.04035500000000525
10000 0.04256699999999114
10000 0.031942000000015014
10000 0.03939500000001317
10000 0.04420999999999253
25000 0.1381939999999986
25000 0.13385399999998526
25000 0.1371039999999084
25000 0.1168840000000273
25000 0.11864700000000994
25000 0.11287700000002587
25000 0.12926199999992605
25000 0.1285689999999704
25000 0.1002480000001924
25000 0.12974199999985103
