25 4.4000000116284355e-05
25 6.299999995462713e-05
25 4.3000000005122274e-05
25 4.3000000005122274e-05
25 4.3000000005122274e-05
25 4.399999988891068e-05
25 8.500000012645614e-05
25 3.700000002027082e-05
25 4.200000012133387e-05
25 3.700000002027082e-05
50 0.00012999999989915523
50 0.00012900000001536682
50 8.09999999091815e-05
50 8.000000002539309e-05
50 7.999999979801942e-05
50 8.000000002539309e-05
50 0.00013699999999516876
50 0.00011599999993450183
50 0.00011899999981324072
50 0.00014000000010128133
100 0.00017899999988912896
100 0.00038600000016231206
100 0.0001859999999851425
100 0.00033899999993991514
100 0.00017800000000534055
100 0.00017500000012660166
100 0.00017600000001039007
100 0.00017699999989417847
100 0.00017600000001039007
100 0.00017600000001039007
250 0.00048500000002604793
250 0.00056100000006154
250 0.00048599999990983633
250 0.00048300000003109744
250 0.00048199999991993536
250 0.00048500000002604793
250 0.0006229999999050051
250 0.0004890000000159489
250 0.0009190000000671716
250 0.0004890000000159489
500 0.0010589999999410793
500 0.0010429999999814754
500 0.001408999999966909
500 0.0010480000000825385
500 0.0011100000001533772
500 0.0011150000000270666
500 0.0011719999999968422
500 0.0010930000000826112
500 0.0011139999999159045
500 0.001111999999920954
1000 0.0027290000000448345
1000 0.0023830000000089058
1000 0.0023899999998775456
1000 0.0024250000001302396
1000 0.0023859999998876447
1000 0.002380000000130167
1000 0.0023770000000240543
1000 0.0023869999999988067
1000 0.002384000000120068
1000 0.0023819999998977437
2500 0.006884000000127344
2500 0.006796000000122149
2500 0.006607999999914682
2500 0.006579999999985375
2500 0.006603000000040993
2500 0.006425999999919441
2500 0.006536999999980253
2500 0.006454000000076121
2500 0.006622000000106709
2500 0.006728999999950247
5000 0.014507999999977983
5000 0.014427000000068801
5000 0.014261000000033164
5000 0.014145000000098662
5000 0.01415299999985109
5000 0.014606000000185304
5000 0.01577399999996487
5000 0.015456999999969412
5000 0.014706999999816617
5000 0.014323999999987791
10000 0.031549999999924694
10000 0.02990900000008878
10000 0.03284200000007331
10000 0.030481000000008862
10000 0.031156999999893742
10000 0.02974099999983082
10000 0.03278099999988626
10000 0.03156899999999041
10000 0.029991999999992913
10000 0.030373000000054162
25000 0.08385500000008506
25000 0.08185900000012225
25000 0.0826089999998203
25000 0.08281299999998737
25000 0.082484999999906
25000 0.08245699999997669
25000 0.0824009999998907
25000 0.08371200000010504
25000 0.08411499999988337
25000 0.08455800000001545
