25 4.6999999995023245e-05
25 7.399999981316796e-05
25 4.6999999995023245e-05
25 4.600000011123484e-05
25 4.500000000007276e-05
25 4.500000000007276e-05
25 4.5999999883861165e-05
25 3.999999989900971e-05
25 3.90000000152213e-05
25 4.0000000126383384e-05
50 0.0001720000000204891
50 0.00015900000016699778
50 8.700000012140663e-05
50 8.600000001024455e-05
50 8.600000001024455e-05
50 0.00016999999979816494
50 0.00012999999989915523
50 8.700000012140663e-05
50 0.00017400000001543958
50 0.00018999999997504347
100 0.0003030000000308064
100 0.00035200000002078013
100 0.00019599999995989492
100 0.0002250000000003638
100 0.00018899999986388138
100 0.00018799999998009298
100 0.0001869999998689309
100 0.00018999999997504347
100 0.00018999999997504347
100 0.00018700000009630457
250 0.0005679999999301799
250 0.0005309999999099091
250 0.0006839999998646817
250 0.0005300000000261207
250 0.0005289999999149586
250 0.0005329999999048596
250 0.0009290000000419241
250 0.0005360000000109721
250 0.0010389999999915744
250 0.0005350000001271837
500 0.0015260000000125729
500 0.0013290000001688895
500 0.0016789999999673455
500 0.0014340000000174769
500 0.0012360000000626314
500 0.0012759999999616412
500 0.0012049999997998384
500 0.0011810000000878063
500 0.001301000000012209
500 0.0012070000000221626
1000 0.0026050000001305307
1000 0.00260300000013558
1000 0.0026840000000447617
1000 0.002606000000014319
1000 0.002602000000024418
1000 0.0026010000001406297
1000 0.0026109999998880085
1000 0.0026199999999789725
1000 0.0026380000001609005
1000 0.002600999999913256
2500 0.007641000000148779
2500 0.0072210000000723085
2500 0.007235000000036962
2500 0.007246000000122876
2500 0.007100999999920532
2500 0.0072040000000015425
2500 0.0071779999998398125
2500 0.006980999999996129
2500 0.007214999999860083
2500 0.0075759999999718275
5000 0.015572000000020125
5000 0.015435999999908745
5000 0.01565800000003037
5000 0.015377999999827807
5000 0.01544400000011592
5000 0.015685999999959677
5000 0.01621700000009696
5000 0.015413000000080501
5000 0.01594799999998031
5000 0.01531499999987318
10000 0.03403499999990345
10000 0.032290999999986525
10000 0.03283399999986614
10000 0.03396599999996397
10000 0.03354699999999866
10000 0.0320729999998548
10000 0.033166000000164786
10000 0.03311099999996259
10000 0.03264800000010837
10000 0.03255899999999201
25000 0.0925849999998718
25000 0.09073499999999513
25000 0.08895699999993667
25000 0.09023699999988821
25000 0.09033599999997932
25000 0.08819400000015776
25000 0.09111899999993511
25000 0.09174399999983507
25000 0.09033399999998437
25000 0.09099499999979344
