25 5.499999997482519e-05
25 9.900000009110954e-05
25 4.8000000106185325e-05
25 4.6999999995023245e-05
25 4.899999998997373e-05
25 4.899999998997373e-05
25 4.8000000106185325e-05
25 9.699999986878538e-05
25 4.100000001017179e-05
25 4.100000001017179e-05
50 0.0001700000000255386
50 9.000000000014552e-05
50 0.00020699999981843575
50 9.1999999995096e-05
50 0.00012300000003051537
50 0.00010900000006586197
50 8.899999988898344e-05
50 9.099999988393392e-05
50 0.0002220000001216249
50 0.00020700000004580943
100 0.00036500000010164513
100 0.00020599999993464735
100 0.00023400000009132782
100 0.00020999999992454832
100 0.0001990000000660075
100 0.00019699999984368333
100 0.0001999999999497959
100 0.00020100000006095797
100 0.0001990000000660075
100 0.0001979999999548454
250 0.0005710000000362925
250 0.0005619999999453285
250 0.0009039999999913562
250 0.0007829999999557913
250 0.0005649999998240673
250 0.0005679999999301799
250 0.000569000000041342
250 0.0005720000001474546
250 0.0006140000000414148
250 0.0007949999999254942
500 0.0013120000000981236
500 0.0013509999998859712
500 0.0021970000000237633
500 0.0012890000000425061
500 0.0013080000001082226
500 0.0017379999999320717
500 0.0014400000000023283
500 0.0013030000000071595
500 0.0013210000001890876
500 0.0013069999999970605
1000 0.0028839999999945576
1000 0.0030440000000453438
1000 0.0031140000000959844
1000 0.002895000000080472
1000 0.0028810000001158187
1000 0.002912000000151238
1000 0.002856000000065251
1000 0.002870000000029904
1000 0.0028580000000602013
1000 0.002855999999837877
2500 0.008491000000049098
2500 0.00825899999995272
2500 0.007990999999947235
2500 0.008353000000170141
2500 0.007961999999906766
2500 0.007924000000002707
2500 0.0077950000002147135
2500 0.007796000000098502
2500 0.007903000000169413
2500 0.008869000000004235
5000 0.018542000000024927
5000 0.017901999999821783
5000 0.017515999999886844
5000 0.01727100000016435
5000 0.01738399999999274
5000 0.017628999999942607
5000 0.01815800000008494
5000 0.016987999999855674
5000 0.018037999999933163
5000 0.017925999999988562
10000 0.0397609999999986
10000 0.03711799999996401
10000 0.037514999999984866
10000 0.03753699999992932
10000 0.03728399999999965
10000 0.036984999999958745
10000 0.0372109999998429
10000 0.037079000000176165
10000 0.03709900000012567
10000 0.03704100000004473
25000 0.10770000000002256
25000 0.10445000000004256
25000 0.10179399999992711
25000 0.10311300000012125
25000 0.10225999999988744
25000 0.10260400000015579
25000 0.10599099999990358
25000 0.10192299999994248
25000 0.10219299999994291
25000 0.10525499999994281
